0.98
0.94
-0.76
0.7
0.21
0.03
-0.11
0.18
0.65
-0.16
0.15
0.45
0.38
-0.34
0.53
0.41
0.77
0.59
0.56
0.31
0.12
0.58
0.83
0.15
0.96
0.53
0.51
0.44
0.22
0.84
-1
0.28
0.49
0.92
0.6
0.91
0.72
0.91
-0.18
-0.82
0.37
-0.96
-0.07
-0.76
0.12
-0.54
-0.44
0.78
0.2
-0.07
0.55
0.83
0.11
0.36
0.71
-0.54
-0.88
0.5
-0.44
0.34
0.7
0.69
0.98
0.81
0.58
0.25
0.88
0.55
1
-0.32
-0.63
0.32
-0.79
-0.16
0.73
0.17
-0.89
-0.38
-0.56
0.96
0.88
0.84
-0.74
0.33
0.21
-0.65
-0.5
0.43
-0.55
-0.06
0.18
-0.24
0.95
0.72
0.61
0.04
0.5
0.84
0.27
0.77